29,1
29,3
37,1
37,3
403,52
403,51
403,50
403,49
403,48
403,47
403,46
403,45
403,44
403,43
403,42
403,41
403,40
403,39
403,38
403,37
403,36
42,1
42,3
403,35
400,6
400,5
400,4
400,3
400,2
400,1
400,0
397,4
397,3
397,2
397,1
397,0
395,3
395,2
395,1
395,0
235,5
235,2
235,0
231,8
231,7
231,6
231,5
231,4
231,3
231,2
231,1
231,0
230,7
230,6
230,5
230,4
230,3
230,2
230,1
230,0
228,7
228,6
228,5
228,4
228,3
228,2
228,1
228,0
227,4
227,3
227,2
227,1
227,0
226,4
226,3
226,1
40,3
40,1
39,3
39,1
38,3
38,1
36,3
36,1
35,3
35,1
33,4
33,3
33,1
28,3
28,1
20,3
20,2
20,1
19,3
19,2
19,1
18,3
18,1
12,3
12,2
12,1
11,3
11,2
11,1
10,3
10,2
10,1
9,3
9,2
9,1
8,3
8,2
8,1
3,3
3,2
3,1
